;10;4;12;22;24;5;3;;
10;0;169.572;205.502;228.44;166.99;178.192;202.463;;1151.159
4;169.572;0;197.155;168.465;124.834;179.953;138.418;;978.397
12;205.502;197.155;0;165.893;153.072;182.93;204.536;;1109.088
22;228.44;168.465;165.893;0;200.954;194.471;190.595;;1148.818
24;166.99;124.834;153.072;200.954;0;199.096;177.087;;1022.033
5;178.192;179.953;182.93;194.471;199.096;0;227.231;;1161.873
3;202.463;138.418;204.536;190.595;177.087;227.231;0;;1140.33
;;;;;;;;;
;;;;;;;;;183.476
